[gd_scene load_steps=4 format=3 uid="uid://lvakb8ikdk8s"]

[ext_resource type="Script" uid="uid://biyttbk3bakve" path="res://Scenes/MainMenuScene.cs" id="1_nes0y"]
[ext_resource type="Environment" uid="uid://d4jf7bq3a0x4m" path="res://Environment/Environments/Farm.tres" id="2_76nmt"]
[ext_resource type="PackedScene" uid="uid://tm2ybbn6v031" path="res://Assets/FlawLizArt/ThornedWeeds/thorned_weeds_up.fbx" id="4_j7hen"]

[node name="MainMenuScene" type="Node3D"]
script = ExtResource("1_nes0y")

[node name="WorldEnvironment" type="WorldEnvironment" parent="."]
environment = ExtResource("2_76nmt")

[node name="World" type="Node3D" parent="."]

[node name="CameraTarget" type="Node3D" parent="World"]
transform = Transform3D(1, 0, 0, 0, 0.707107, -0.707107, 0, 0.707107, 0.707107, 0, 0, 0)

[node name="Camera3D" type="Camera3D" parent="World/CameraTarget"]
visible = false

[node name="thorned_weeds_up" parent="World" instance=ExtResource("4_j7hen")]
transform = Transform3D(0.700909, 0, -0.71325, 0, 1, 0, 0.71325, 0, 0.700909, 0.541, 0, -1.151)

[node name="thorned_weeds_up2" parent="World" instance=ExtResource("4_j7hen")]
transform = Transform3D(-1, 0, 8.74228e-08, 0, 1, 0, -8.74228e-08, 0, -1, 0.541, 0, -2.326)

[node name="thorned_weeds_up3" parent="World" instance=ExtResource("4_j7hen")]
transform = Transform3D(-0.309017, 0, -0.951056, 0, 1, 0, 0.951056, 0, -0.309017, 2.951, 0, -3.751)

[node name="DirectionalLight3D" type="DirectionalLight3D" parent="."]
transform = Transform3D(1, 0, 0, 0, 0.5, 0.866025, 0, -0.866025, 0.5, 0, 3.72397, 0)
