[gd_scene load_steps=4 format=3 uid="uid://bkj1reb1okraq"]

[ext_resource type="PackedScene" uid="uid://dteco74u4ahkt" path="res://Assets/FlawLizArt/Interior/candle_tall.fbx" id="1_4r8uw"]
[ext_resource type="PackedScene" uid="uid://dohutveyg7f8x" path="res://Assets/FlawLizArt/Interior/candle_short.fbx" id="2_h5vlc"]

[sub_resource type="BoxShape3D" id="BoxShape3D_8xecw"]
size = Vector3(0.508148, 0.574341, 0.389637)

[node name="Candles_001" type="Node3D"]

[node name="StaticBody3D" type="StaticBody3D" parent="."]
collision_layer = 2
collision_mask = 0

[node name="CollisionShape3D" type="CollisionShape3D" parent="StaticBody3D"]
transform = Transform3D(1, 0, 0, 0, 1, 0, 0, 0, 1, 0.0341949, 0.28717, -0.00109656)
shape = SubResource("BoxShape3D_8xecw")

[node name="OmniLight3D" type="OmniLight3D" parent="."]
transform = Transform3D(1, 0, 0, 0, 1, 0, 0, 0, 1, 0, 1.80261, 0)
light_color = Color(1, 0.75, 0, 1)
shadow_enabled = true
distance_fade_enabled = true
distance_fade_begin = 18.0
distance_fade_shadow = 18.0
omni_range = 3.0

[node name="OmniLight3D2" type="OmniLight3D" parent="."]
transform = Transform3D(1, 0, 0, 0, 1, 0, 0, 0, 1, 0, 1.94066, 0)
light_color = Color(0.46, 0.191667, 0, 1)
shadow_enabled = true
distance_fade_enabled = true
distance_fade_begin = 18.0
distance_fade_shadow = 18.0
omni_range = 10.0

[node name="Models" type="Node3D" parent="."]

[node name="candle_tall" parent="Models" instance=ExtResource("1_4r8uw")]
transform = Transform3D(0.89175, 0, 0.452528, 0, 1, 0, -0.452528, 0, 0.89175, 0.2047, 0, -0.0159842)

[node name="candle_short" parent="Models" instance=ExtResource("2_h5vlc")]
transform = Transform3D(0.89175, 0, 0.452528, 0, 1, 0, -0.452528, 0, 0.89175, 0.0791658, 0, 0.0683879)

[node name="candle_short2" parent="Models" instance=ExtResource("2_h5vlc")]
transform = Transform3D(0.89175, 0, 0.452528, 0, 1, 0, -0.452528, 0, 0.89175, 0.0719736, 0, -0.0834025)

[node name="candle_short3" parent="Models" instance=ExtResource("2_h5vlc")]
transform = Transform3D(0.89175, 0, 0.452528, 0, 1, 0, -0.452528, 0, 0.89175, -0.0478898, 0, -0.0113128)

[node name="candle_short4" parent="Models" instance=ExtResource("2_h5vlc")]
transform = Transform3D(0.89175, 0, 0.452528, 0, 1, 0, -0.452528, 0, 0.89175, -0.145589, 0, -0.123932)

[node name="candle_short5" parent="Models" instance=ExtResource("2_h5vlc")]
transform = Transform3D(0.89175, 0, 0.452528, 0, 1, 0, -0.452528, 0, 0.89175, -0.134253, 0, 0.120371)
