[gd_scene load_steps=5 format=3 uid="uid://dbtefn1sw1qpl"]

[ext_resource type="PackedScene" uid="uid://d18u433iw0eyg" path="res://Assets/FlawLizArt/Roots/roots_010.glb" id="2_a3tr7"]
[ext_resource type="PackedScene" uid="uid://bqfnys8ri4jjk" path="res://Assets/FlawLizArt/Roots/roots_007.glb" id="3_taq6p"]
[ext_resource type="PackedScene" uid="uid://cj2jcm86uph56" path="res://Assets/FlawLizArt/Roots/roots_006.glb" id="4_1prcc"]
[ext_resource type="PackedScene" uid="uid://bfy6xstm2urbn" path="res://Assets/FlawLizArt/Roots/roots_003.glb" id="5_3m1fb"]

[node name="Roots_004" type="Node3D"]

[node name="roots_010" parent="." instance=ExtResource("2_a3tr7")]
transform = Transform3D(5, 0, 0, 0, 5, 0, 0, 0, 5, -4.03691e-09, -0.03084, -0.0224281)

[node name="roots_007" parent="." instance=ExtResource("3_taq6p")]
transform = Transform3D(1.30248, -3.04898e-08, -1.51775, -3.04898e-08, 2, -6.63428e-08, 1.51775, 6.63428e-08, 1.30248, 0.244136, -0.00721022, -0.0237524)

[node name="roots_008" parent="." instance=ExtResource("3_taq6p")]
transform = Transform3D(1.58272, -1.82397e-08, 1.22269, -1.82397e-08, 2, 5.34457e-08, -1.22269, -5.34457e-08, 1.58272, 0.679142, -0.0072102, -0.0437165)

[node name="roots_006" parent="." instance=ExtResource("4_1prcc")]
transform = Transform3D(0.792684, 0.000678102, -0.609633, 0.000442882, 0.999998, 0.00168817, 0.609633, -0.00160818, 0.792682, 1.42855, 0.0437144, -0.0039376)

[node name="roots_011" parent="." instance=ExtResource("4_1prcc")]
transform = Transform3D(0.299155, 0.000543846, -0.400632, 0.000221441, 0.499999, 0.000844087, 0.400632, -0.000682459, 0.299155, 1.63627, 0.00127457, 0.840152)

[node name="roots_013" parent="." instance=ExtResource("4_1prcc")]
transform = Transform3D(0.471643, -0.000489102, 0.16599, 0.000221441, 0.499999, 0.000844087, -0.16599, -0.000722702, 0.471643, 1.39015, 0.00127457, 0.636176)

[node name="roots_014" parent="." instance=ExtResource("4_1prcc")]
transform = Transform3D(0.489298, -4.29928e-05, -0.102897, 0.000221441, 0.499999, 0.000844087, 0.102897, -0.000871591, 0.489297, 0.97887, 0.00127457, 1.15174)

[node name="roots_015" parent="." instance=ExtResource("4_1prcc")]
transform = Transform3D(0.408175, -0.000668283, 0.288779, 0.000221441, 0.499999, 0.000844087, -0.288779, -0.000561175, 0.408174, 1.46703, 0.00127456, -0.969311)

[node name="roots_017" parent="." instance=ExtResource("4_1prcc")]
transform = Transform3D(0.632205, -0.00158799, 0.7748, 0.000442882, 0.999998, 0.00168817, -0.774801, -0.000724126, 0.632205, 0.326308, 0.00170645, -0.117664)

[node name="roots_016" parent="." instance=ExtResource("4_1prcc")]
transform = Transform3D(0.33099, 0.000486073, -0.374761, 0.000221441, 0.499999, 0.000844087, 0.374761, -0.000724743, 0.330989, 1.85868, 0.00127456, -0.67908)

[node name="roots_012" parent="." instance=ExtResource("4_1prcc")]
transform = Transform3D(0.0894128, 0.000354528, -0.233464, 0.00011072, 0.25, 0.000422043, 0.233464, -0.000254341, 0.0894125, 1.98141, 0.00127457, 0.895643)

[node name="roots_009" parent="." instance=ExtResource("4_1prcc")]
transform = Transform3D(0.554525, -0.00165048, 0.832166, 0.000442871, 0.999998, 0.00168824, -0.832167, -0.000567627, 0.554525, 1.22911, 0.0091071, -0.460906)

[node name="roots_003" parent="." instance=ExtResource("5_3m1fb")]
transform = Transform3D(0.967152, -1.43581e-09, -0.254197, -1.43581e-09, 1, -1.11113e-08, 0.254197, 1.11113e-08, 0.967152, 0.611967, 0.0066351, 0.491488)
